19350.7 
11757.5 
3862.72 
463.887 
231.961 
215.487 
109.358 
81.9141 
78.3913 
73.3676 
60.6746 
36.2246 
34.9792 
33.0361 
29.2256 
21.2064 
20.7382 
14.5981 
14.0234 
13.0011 
12.5234 
11.394 
9.13209 
8.81224 
8.21523 
6.36248 
5.87875 
5.81389 
5.40632 
5.11267 
4.49523 
3.19436 
2.71164 
2.69015 
2.64499 
2.36636 
2.13585 
1.57971 
1.33203 
1.31442 
1.25453 
1.07649 
1.0639 
1.00353 
0.987589 
0.796041 
0.787978 
0.770133 
0.699645 
0.682494 
0.477598 
0.456814 
0.447055 
0.410351 
0.400915 
0.382717 
0.328787 
0.311882 
0.308034 
0.299572 
0.255773 
0.247777 
0.232929 
0.219445 
0.177519 
0.172347 
0.16583 
0.165636 
0.159169 
0.157402 
0.1175 
0.114759 
0.11194 
0.0888746 
0.0855892 
